出租车轨迹数据计算报告

一、速度v和方位角a计算
1,	57940.18943287-57940.19004630,	90.769,	160.820
2,	57940.19004630-57940.19067130,	82.317,	110.872
3,	57940.19067130-57940.19126157,	87.419,	58.288
4,	57940.19126157-57940.19189815,	81.109,	81.929
5,	57940.19189815-57940.19253472,	77.445,	98.590
6,	57940.19253472-57940.19376157,	89.183,	94.308
7,	57940.19376157-57940.19434028,	83.883,	105.096
8,	57940.19434028-57940.19491898,	92.332,	165.783
9,	57940.19491898-57940.19554398,	66.946,	128.977
10,	57940.19554398-57940.19616898,	89.584,	72.897
11,	57940.19616898-57940.19678241,	89.561,	71.918
12,	57940.19678241-57940.19741898,	79.375,	41.517
13,	57940.19741898-57940.19803241,	74.180,	19.132
14,	57940.19803241-57940.19864583,	77.550,	46.124
15,	57940.19864583-57940.19934028,	81.965,	85.255
16,	57940.19934028-57940.19991898,	79.660,	66.844
17,	57940.19991898-57940.20053241,	85.324,	36.074
18,	57940.20053241-57940.20116898,	88.850,	44.575
19,	57940.20116898-57940.20179398,	83.170,	64.146
20,	57940.20179398-57940.20241898,	71.029,	64.255
21,	57940.20241898-57940.20305556,	61.150,	52.526
22,	57940.20305556-57940.20366898,	53.043,	45.874
23,	57940.20366898-57940.20431713,	32.512,	77.874
24,	57940.20431713-57940.20578704,	21.016,	120.757
25,	57940.20578704-57940.20636574,	38.124,	124.043
26,	57940.20636574-57940.20697917,	40.379,	150.527
27,	57940.20697917-57940.20780093,	31.464,	150.622
28,	57940.20780093-57940.20843750,	47.619,	129.735
29,	57940.20843750-57940.20906250,	49.410,	126.561
30,	57940.20906250-57940.20969907,	50.471,	134.054
31,	57940.20969907-57940.21031250,	15.491,	95.821
32,	57940.21031250-57940.21093750,	40.946,	89.557
33,	57940.21093750-57940.21155093,	7.063,	91.964
34,	57940.21155093-57940.21218750,	0.055,	179.593
35,	57940.21218750-57940.21280093,	15.730,	272.461
36,	57940.21280093-57940.21343750,	14.841,	270.277
37,	57940.21343750-57940.21406250,	34.972,	279.495
38,	57940.21406250-57940.53877315,	0.327,	312.510

二、距离计算结果
累计距离：37.245(km)
首尾直线距离：24.078(km)
